 -0.2846
   1.937
  0.2053
 -0.2897
   0.225
   3.143
   2.042
   2.711
  0.1031
   1.392
  -0.294
   1.695
 -0.6366
   2.072
   1.733
  -1.404
 0.008902
   1.783
  0.6559
  0.4638
   1.383
  -1.425
   1.219
    0.74
   1.573
  0.5185
 -0.8716
 -0.8347
   1.437
  0.7765
  -1.916
 -0.3147
  -1.717
  -2.016
 -0.2048
  -2.944
 0.05173
  -2.985
  -1.626
-0.07265
  0.1744
  -1.289
 0.02216
 -0.4188
   2.433
-0.09251
   1.257
   1.343
  0.5199
  0.0894
   1.573
    2.16
 -0.5596
   1.518
    1.22
  0.9746
   1.446
   1.727
 -0.7167
   1.439
  0.4588
  -1.259
  0.7975
 0.01819
  -1.759
  -1.623
  -1.786
  0.6268
 -0.8078
  0.1531
 -0.6514
 -0.4561
 -0.8741
  -3.161
  0.6322
 -0.7147
  -1.268
  -1.509
  0.7304
  -1.142
  -2.471
   1.187
 -0.8502
   1.333
   1.487
   1.774
   1.162
-0.03796
   1.334
  -0.682
   1.339
   2.721
   1.008
   2.379
  0.5518
   1.949
  -1.111
   0.796
  -0.688
  0.2842
   1.372
   1.981
 -0.1251
   1.661
   1.859
  0.9771
  -1.574
  0.6659
  -1.714
   1.146
 -0.1236
  -1.628
  0.9173
  0.8164
  -1.715
 -0.5521
  -2.927
  0.6044
  -2.255
  -2.362
  0.2481
 -0.7702
  -2.006
  -1.752
  0.5688
 -0.9688
   2.052
   2.958
   1.802
   2.162
   2.565
   1.253
  0.7804
  0.9172
    1.94
 -0.7322
 -0.1022
  0.8225
  0.9949
   1.007
-0.09026
 0.07088
   0.112
  -1.699
   1.802
  -1.601
  -1.803
  -1.098
 -0.9515
  0.5051
  -1.762
   1.148
  0.3182
  -2.276
  -1.146
  -1.722
  -2.539
  -1.393
  -1.568
 -0.8681
   -2.18
-0.08761
 -0.1379
     1.7
   1.639
  -1.064
  0.8748
  0.5552
   1.701
  0.4182
   3.218
   1.226
   1.752
    1.86
 -0.2598
 0.002537
 0.04084
 -0.1592
  -1.514
  0.7152
   1.647
  0.7543
  -1.188
 -0.6149
  -1.054
  0.4211
   1.367
 -0.4303
 -0.8818
  -1.534
  0.1499
   1.155
  0.9696
  -1.453
  -2.657
  0.6317
 -0.8864
  -1.246
  -1.547
  -2.011
  -1.822
  -3.044
  0.4486
  -1.295
 -0.9704
 -0.7093
  0.7488
   2.253
   2.717
-0.01638
   1.125
    1.27
   2.842
 0.04557
   2.019
   1.988
  0.2273
   1.397
   1.236
  -0.832
 -0.3543
   1.485
  -1.433
  0.6383
  -1.057
  -2.279
  -1.527
   1.033
  -0.803
  0.6186
  0.2547
   1.505
  -1.282
  -1.489
  -1.218
  0.9112
 -0.1394
  0.3182
  -1.908
  -1.703
  -3.083
 -0.3702
  -3.261
   1.164
   1.201
   2.615
   1.197
  -1.287
   1.729
  -2.374
  -1.398
  0.1256
  0.5206
   2.698
   1.085
 0.05254
  0.2081
 -0.7288
  -1.684
 -0.6699
 -0.2212
   3.671
   2.075
  -1.254
  -1.887
  -1.289
  -1.167
 -0.1596
 -0.1307
   3.908
   1.107
   2.346
  0.1344
  -1.691
  -5.749
  -1.397
  0.2438
   1.043
   1.158
   1.272
  -3.371
   -5.27
   -4.71
  -2.995
   -2.05
   4.648
   4.559
   1.698
 -0.9257
  -3.906
  -4.523
  -4.267
 -0.8917
   4.614
   6.862
   5.776
   3.658
  -1.955
  -7.203
  -5.048
  -1.637
   2.315
   7.847
   6.245
  0.9639
  -4.305
  -9.134
  -8.418
 -0.8792
   4.755
   6.698
    6.04
   3.731
  -4.392
   -8.44
   -6.71
  -6.175
  0.1913
   6.079
   7.853
   2.775
  -5.275
   -10.7
  -11.87
  -7.335
   1.299
   8.897
   7.478
   7.845
 -0.2908
  -8.009
  -9.493
  -5.807
  0.4335
   6.515
   11.59
   7.806
   2.558
   -6.79
  -9.068
  -6.344
   -2.73
    6.15
   8.975
   9.488
   2.481
  -3.776
  -10.77
  -7.791
  -1.095
   4.825
   9.528
   9.088
    1.46
  -6.183
   -9.01
  -9.236
   -3.97
  0.9596
   8.345
   5.851
   4.372
  -4.561
  -9.897
  -8.168
  -4.217
   1.613
   6.524
   7.405
   3.786
   -1.53
  -6.421
  -6.679
  -3.832
   1.527
    7.17
   7.375
   8.077
  -0.149
  -2.195
  -5.543
  -5.425
  -1.033
   2.983
   4.814
   4.446
    2.12
  -3.263
  -6.934
  -2.997
 -0.2676
   2.041
   6.938
   6.059
  0.7243
  -2.505
  -6.106
  -4.188
  -2.707
 -0.6165
   1.275
   1.813
  0.2735
  -4.295
  -4.671
  -4.201
  -2.158
  0.4011
  0.5206
   1.639
   3.239
  -1.389
  -1.919
 -0.1863
  -1.463
 -0.2901
   2.386
   1.986
   1.974
  0.6775
  -2.523
  -1.179
  0.2346
   1.243
   1.449
    1.49
   1.925
   1.753
 -0.2818
  -2.805
  0.6754
  -1.814
  -1.199
 -0.4839
  0.5304
  -1.872
  -2.765
  -3.166
  0.1089
  -2.943
  -2.335
   0.412
   1.137
  -1.048
  0.2049
 0.07088
 -0.4581
  -1.074
  -1.085
  -1.564
   2.308
  -1.127
 -0.4733
   2.156
    2.14
    1.44
 -0.2367
   1.467
   3.219
   2.012
   2.435
 -0.3842
 -0.5964
 -0.2718
   2.063
 -0.9092
 -0.4396
   1.382
   -1.18
  -1.397
  0.4769
 -0.4746
  0.1237
 0.08036
   1.886
   1.587
 0.07171
  -1.959
 0.08732
  -1.335
  0.7243
 0.01933
-0.05804
   -3.14
  -0.319
  -2.648
  -2.343
  -2.489
  0.4752
  0.9184
  -0.357
  0.3772
    1.81
 -0.6903
   1.618
  0.1623
 -0.3649
   1.704
   2.616
   1.535
   1.228
   1.677
   1.864
  0.7681
 -0.8031
  -1.265
  -1.488
   2.077
  -1.081
   -0.32
  -1.811
  0.8626
   1.967
   1.499
  -1.686
  -1.775
  0.5564
  0.6235
 -0.7683
   1.138
  -2.062
  0.5686
  -2.032
  -2.911
  -1.331
  0.6676
  -1.599
  0.7605
  -1.081
  -2.876
  -1.896
  -2.321
  -2.062
   1.323
  0.5998
   1.522
 -0.4657
  0.5618
   2.339
   2.302
  0.3646
   1.332
   1.884
  0.3691
 -0.3095
   1.776
   2.007
   1.093
   1.616
  0.4775
 0.07619
   1.928
   1.927
  -1.817
 -0.2508
    1.16
  0.9514
   1.811
   1.154
   1.245
 -0.9779
  -1.014
   -2.59
  -1.772
    -2.3
   -2.03
  0.2025
-0.09098
  -2.486
-0.01396
  -2.279
  0.4659
   0.334
  0.4428
   1.828
  0.6437
   1.674
  0.3919
   1.705
     2.6
   1.694
  0.6414
-0.003886
   2.982
   2.124
   1.424
   2.144
  -1.132
 -0.2338
   -1.54
   2.026
   2.027
   0.448
 -0.3154
  0.5592
  -1.513
  -1.355
-0.007929
  -1.403
  -1.388
 -0.2821
  -1.408
  0.3525
  -2.497
  0.1994
  -1.904
  -1.808
  0.4279
  -3.177
  0.1146
  -2.186
  0.6274
 0.003708
   1.504
  0.3515
  -1.643
  0.9222
  0.5565
   2.725
   2.436
   1.259
   1.898
  0.6379
   2.268
   1.147
  -0.725
   1.115
   1.035
-0.02552
  -1.082
 -0.5849
   1.198
   1.499
 -0.6384
  0.6388
  -1.027
  0.3078
  0.9501
 -0.6452
   1.128
  -1.218
  -2.029
  -2.149
  0.2846
  -1.623
  0.8119
  -1.915
 -0.4268
-0.08789
  -1.153
  -1.861
  -2.324
  0.2385
 -0.2139
   1.338
  -1.198
   2.163
   -1.36
 -0.6668
  0.9327
   2.889
   1.354
   1.883
   2.708
  0.9226
   2.634
  0.5182
 -0.1771
  0.1244
  0.6028
  0.7554
   1.804
   2.066
 -0.2176
  -1.214
   1.484
 -0.6099
 -0.5663
 -0.1281
  -1.481
 -0.5061
  0.4153
 -0.6343
  -2.466
  -1.281
  -1.659
  -2.256
-0.06915
  -2.133
  -2.271
  0.3493
  0.2104
  -1.897
  -1.468
  -2.396
  -1.046
   1.801
-0.05859
  -1.132
     1.8
 -0.3061
   2.727
  0.9562
    1.12
  0.6364
   2.019
   2.851
  -0.455
  -1.129
    1.22
   1.206
   2.042
   1.656
  -1.775
  -1.802
  0.4671
   1.618
  0.6543
  -1.257
 -0.1524
 -0.8413
 -0.5657
  -1.744
 -0.7023
 -0.5142
  0.8673
  0.6781
  -1.079
 -0.7076
  0.0115
  -2.506
 -0.5911
   -2.07
   -1.56
 -0.8873
  -1.876
   1.269
  -1.029
  -0.434
   -1.16
  -0.441
   2.699
 -0.2668
  0.1614
 7.067e-005
  0.6565
   1.008
   2.099
   1.139
  -1.065
  0.0716
   1.441
  -0.204
  0.1749
-0.03326
 -0.5411
   -1.51
   1.785
  -1.786
 -0.9838
  -1.392
    0.25
   1.282
  0.2127
  0.2128
  -1.962
  -2.457
  -1.703
  -0.186
  0.1545
 -0.4862
  -1.466
  -3.173
 -0.8295
  -1.527
 -0.5432
  0.5205
  0.9515
 0.06708
   1.441
  -1.353
  0.4156
   2.242
   1.828
  0.7519
-0.01104
 -0.2174
  0.4694
 -0.3733
   1.873
   2.301
   2.362
   1.534
  0.8273
  0.5825
   0.579
   0.779
   1.462
    1.68
  0.2654
 -0.2992
   1.298
  -1.893
   1.003
 -0.7894
  0.4606
 -0.3556
  -2.353
 -0.4207
  -2.674
  -1.252
  -1.571
  -1.833
  -3.162
  0.4401
 -0.5669
 -0.4672
 -0.6827
  0.9095
 0.08093
  -1.102
  -1.012
   0.164
  0.9548
  0.1551
    1.17
   1.368
  0.2252
  0.3058
   1.617
-0.008479
  -0.499
  -1.064
  -1.417
   1.429
    2.03
 0.03123
   1.283
 -0.8135
 -0.3261
  -1.181
 -0.2738
  -1.208
  -2.018
 -0.9324
   1.211
  0.4415
 -0.0994
  0.7558
  0.8966
 -0.5776
 -0.9812
  -2.903
  -2.476
 -0.5761
  -2.629
 -0.1981
   1.202
  -1.983
  -0.184
   1.528
 -0.9945
   2.349
    2.73
  0.4998
    2.55
   2.835
   1.005
-0.07958
   2.734
   1.919
   1.413
  0.5967
  0.5264
   2.242
 -0.4385
   2.054
 -0.6659
  0.9841
  -1.291
  0.3874
  0.8623
 -0.7708
  0.4793
  0.1188
   1.362
   1.131
  0.9148
   1.083
-0.08672
 -0.9455
  0.6847
  -2.037
  -1.202
  -2.893
  -2.918
  -2.054
  0.9233
  0.0584
  -2.415
  0.3875
 0.02896
  0.4735
  0.4364
   2.797
   1.209
   1.457
   1.724
 -0.7685
  0.2026
   3.222
   0.366
   1.465
 0.04716
   -1.57
 -0.4437
-0.008032
 -0.5048
 -0.8061
   2.194
  -1.101
-8.616e-005
  -1.497
 -0.1776
  -2.692
 -0.9131
  0.2328
 -0.4554
  0.1277
   1.138
  -2.052
  -2.817
  -1.069
  -1.483
  -0.169
  0.9532
  0.2059
  -1.627
  -1.779
 -0.8347
  -1.651
  -3.002
   2.069
   1.405
   1.469
   3.764
  0.9336
  -2.239
 -0.7158
  -0.615
   1.893
   1.941
   5.572
   4.078
-0.09011
  -3.279
  -1.302
 -0.9735
 -0.3946
   3.251
   5.368
   1.937
  -1.527
  -4.156
  -2.983
  -2.934
  0.6274
   1.601
   5.058
   4.584
 -0.4837
  -4.718
  -6.249
   -5.53
  -3.019
  0.6604
   3.007
   6.035
 -0.9725
  -3.872
  -5.448
   -7.28
  -3.379
  0.4003
   7.181
    8.18
   4.189
 -0.8236
  -5.408
  -5.874
  -2.724
   1.317
   6.775
   8.902
   7.075
   1.135
  -5.951
  -6.965
  -6.485
 -0.8652
    5.99
   10.09
   5.853
 -0.1149
  -5.717
  -10.12
  -8.173
  0.3312
   3.739
   9.608
     5.4
  0.4385
  -5.944
  -9.245
  -9.321
   -4.28
    5.64
     8.3
   7.685
  0.6764
  -5.696
  -9.397
  -10.76
  -2.244
    4.84
   9.348
   8.739
   5.298
  -3.289
  -7.619
  -8.492
  -1.789
   2.137
   9.869
   10.85
   7.672
   0.136
  -9.212
  -10.26
  -4.552
  0.8501
   6.824
   10.67
   7.098
  -2.122
  -7.624
  -9.624
  -6.714
  -1.911
   4.459
   6.958
   5.239
  -0.472
  -4.256
  -10.38
  -6.875
  -1.569
   2.425
   7.717
   4.698
  0.9173
  -3.494
  -7.191
  -5.228
 -0.7701
   4.506
   5.409
   5.778
   1.856
  -2.319
  -2.592
  -3.575
  0.1917
   2.674
   4.518
   6.713
   4.092
  -1.701
  -3.005
  -5.608
  -1.094
  0.1689
   3.597
   3.841
   4.563
  -1.388
  -2.742
  -3.141
  -2.454
  -1.431
   2.483
   3.089
   3.622
  -2.218
  -3.878
  -4.482
  -4.907
 -0.3724
  -1.394
 -0.6522
 -0.2128
-0.009556
   -3.15
   -2.99
  -3.767
  -1.394
 -0.3163
    3.54
   2.331
-0.04489
   2.191
   1.735
 -0.8142
   1.757
 -0.2533
   2.228
   3.591
   1.005
 -0.8495
 0.00687
 -0.3663
  -1.913
  -1.559
 -0.1537
 -0.7481
  0.3667
  0.1318
-0.07379
  0.3098
  -2.155
 -0.1177
   1.705
 -0.3543
   1.219
  0.5046
 -0.5756
  -1.392
  -3.198
   -1.38
  -1.515
  -2.655
 -0.3335
  0.9047
 -0.4848
  -1.879
   1.189
   0.953
  -1.134
   2.115
   1.179
  0.5682
   2.243
 -0.7525
 -0.6559
   2.289
   1.494
  0.5396
  0.9857
 -0.4431
 -0.3603
 -0.4358
   1.866
 -0.8869
  -1.532
  -1.595
  0.4653
 0.08096
  -1.161
   1.591
 -0.9693
  -0.738
  -2.043
 -0.5309
  -1.772
  -1.613
 -0.4711
  0.7859
  0.4119
  -1.728
  -1.716
  -1.882
  -2.087
-0.05735
  0.4504
  -1.041
  -1.469
  0.3676
    1.23
-0.08544
      -1
 -0.2985
  0.5407
   2.025
 -0.7191
   1.949
   1.268
   1.514
  0.4516
    2.58
   1.298
   1.152
  -1.482
-0.01966
   1.765
  -1.665
 -0.7629
-0.07445
   0.125
   1.828
   1.721
    1.24
   1.044
   -1.05
  0.8704
  0.3966
  -1.954
   1.194
 -0.0728
  -2.043
  0.8114
 -0.6945
  0.2423
  -2.051
  -0.906
  -1.261
 -0.6873
 -0.4314
  -0.805
 0.003075
    2.09
   2.521
   2.399
   1.237
   2.731
   2.957
   2.078
  -0.564
  0.8644
   -0.31
    2.75
   1.256
  -0.942
   1.261
 -0.2843
  -1.793
  0.5955
   1.341
 -0.8532
  -1.483
  0.2012
 -0.5847
 -0.1802
  0.9833
   1.053
-0.02335
    1.47
 -0.5536
  -1.677
  -1.957
 -0.7933
  -2.993
  0.1017
  -2.272
  -1.327
  0.7606
  0.7192
 -0.8202
 -0.3361
   1.173
  -1.035
  -1.258
   1.324
   1.384
   2.557
  -0.383
   1.995
   1.215
   3.257
   1.004
   1.294
 -0.9052
   1.535
  0.4337
 -0.9482
   -1.45
 -0.3784
  0.3964
  -1.438
 -0.8381
 -0.7538
-0.04952
 -0.8407
   1.188
   1.373
   0.625
 -0.7019
  0.8054
  0.5717
  -1.156
  -2.046
 -0.5988
  -2.906
  -0.284
  -2.948
   -2.41
  -2.531
 -0.7899
  0.2644
  -2.305
 -0.2485
 -0.7444
   1.058
 -0.1658
  0.7098
   1.102
   1.247
  0.6608
   1.734
   1.322
 0.01762
   2.319
  0.6189
   1.338
  0.1164
   2.235
-0.07602
    1.34
  -1.656
 -0.7667
 -0.2139
   -1.12
   1.035
  0.9953
  0.4347
   1.515
  -2.142
  -1.969
 -0.6741
  -1.946
  -1.877
-0.03919
  -1.698
 -0.4894
  0.4296
    -3.2
 -0.5284
  0.5511
  -1.293
    0.62
  -2.449
   1.611
   1.185
  0.4776
   1.843
  0.9805
 -0.3467
 -0.1383
  0.8659
   1.598
   1.346
  0.5988
   1.188
 -0.2924
   2.335
-0.09715
 -0.9277
   2.067
     1.3
 -0.2749
  0.4595
 -0.3645
  -1.994
   1.115
  -1.694
  -1.028
   1.822
  0.9106
  0.4501
  0.2644
   -1.13
   -1.07
 -0.2269
  -2.643
  -3.162
  -1.517
  -2.659
  -1.511
  -1.717
 -0.7304
  -2.073
 -0.4932
  -1.375
 -0.7723
  -1.175
  -1.278
   2.119
   2.684
   1.192
   2.442
  0.5417
   3.128
 -0.1719
  0.6708
   1.715
  -0.534
   2.094
 -0.3801
  -1.427
  0.6518
 -0.8857
  -1.455
  -1.284
 -0.9697
  -1.982
 -0.0247
 -0.3035
   1.757
  0.5231
  -1.532
  -1.061
  0.8256
 0.01063
 -0.3539
  -2.359
  0.7521
 -0.1013
  0.2042
  -2.631
  -1.263
  0.3974
  0.2896
   1.134
   1.524
  -1.763
   1.198
  0.1402
  0.2725
  0.7126
    1.61
   3.208
  0.1255
   2.339
  0.2553
  0.3505
 -0.3919
  -1.025
  -0.315
 -0.8632
  -1.451
  -1.693
  -1.664
   1.397
  -1.502
 -0.9345
 -0.3481
    1.33
  0.9093
  0.3373
 -0.4425
  -1.841
-0.05822
  -2.519
  0.4175
 -0.9618
  -2.759
 -0.3241
  -1.728
  -1.079
  -2.616
-0.05736
  -1.549
   0.803
 -0.1715
  -2.127
  0.1796
   1.302
  0.5463
  0.3955
 -0.4859
   2.786
  0.3375
    1.23
   2.888
-0.07943
 -0.7152
    2.16
   2.095
 -0.7017
-0.02854
  -1.197
    1.63
 -0.6375
 -0.9506
  -1.096
   -1.22
 -0.5908
  0.2343
  -1.601
   1.829
  -1.049
  -2.154
  0.1133
  -1.141
 -0.4351
  -1.395
  -1.589
  0.1636
-0.02143
  0.3428
  0.4978
  -2.869
 -0.4409
 -0.8725
  0.2378
  -2.162
  -1.225
   1.701
    1.67
   0.718
   2.058
  0.5381
    1.23
   2.893
   3.187
  -0.779
 0.05023
    2.33
  0.2019
  -0.999
   1.078
  0.4439
  -1.493
   1.479
  -1.555
   1.289
  -1.037
  0.6333
  0.4358
  0.4794
 -0.1842
  0.8698
  -1.213
  0.8076
  -2.399
   -1.96
   0.567
  -2.252
  -2.848
  -3.008
  0.4341
  -2.397
  -1.326
  -1.542
  -1.923
   0.255
  0.8034
    1.67
 -0.1107
 -0.5839
   2.661
   3.077
  0.8332
   2.032
 -0.5143
 -0.6437
   2.433
  0.9678
   1.337
  -1.189
  -1.085
    1.76
  -1.197
   1.267
  -0.568
  -0.344
  -1.147
  -0.367
   1.048
   1.238
  0.8641
   1.507
  0.6491
 0.07275
  0.8189
  0.8901
 -0.9409
   1.024
  0.2151
  -1.652
  -2.211
  -3.508
  0.1244
  0.5085
  0.1868
 -0.7122
  0.4115
   -0.46
   1.472
  0.4862
   2.299
   1.426
   2.198
   3.535
   2.618
  0.3541
   1.567
  0.5508
   1.526
   1.082
   1.324
   1.758
  0.4531
  -1.723
  -2.465
 -0.4169
  0.4546
  0.5448
   1.572
   2.779
   2.309
  0.4326
  -1.666
  -1.031
  -1.493
   1.415
  0.8986
  0.6121
  -1.036
 -0.4457
  -4.185
  -5.706
  -1.436
 -0.1498
  0.6127
   2.951
   2.563
  -1.372
  -1.967
   -3.73
  -1.517
 -0.2149
   3.624
   6.069
   6.126
   3.306
 -0.8441
  -1.012
  -1.282
   1.011
   4.068
   6.941
   6.913
  0.9656
  -1.629
  -5.536
  -4.033
 -0.8878
  0.4896
   4.539
   6.672
   2.873
 -0.9072
  -3.697
  -4.983
  -6.444
  0.5788
   5.888
   7.942
   3.787
  -3.019
  -6.814
  -7.397
  -5.431
 -0.5886
   3.687
   6.727
   5.067
  0.6447
  -5.829
  -9.747
  -5.476
  0.5037
   6.384
   11.22
   10.02
   3.893
  -1.535
  -5.556
  -8.473
  -4.054
   3.926
   10.13
   7.496
   5.046
  -1.446
  -8.668
  -8.802
  -5.587
  0.9835
   9.942
   8.073
   4.973
 -0.7705
  -9.813
  -9.741
  -6.989
   1.472
   8.872
   8.314
   6.724
  -2.303
  -6.994
  -11.46
  -7.689
  -1.032
   6.633
   7.605
    6.79
  0.3813
  -8.155
  -10.23
  -8.401
  -2.436
   6.299
   10.66
   10.26
   3.041
  -1.496
  -6.295
  -7.537
 0.03811
   4.137
   8.012
   6.621
   2.332
  -4.072
  -8.933
  -7.251
  -4.039
   2.837
   5.167
   5.834
   1.687
  -2.946
  -5.173
  -6.045
   -2.67
 -0.1714
   4.411
   6.456
   2.924
  -3.005
  -6.046
  -6.555
  -6.164
  -2.091
   2.743
    4.62
   1.596
  -2.103
  -5.225
   -2.79
  -3.976
   1.946
   5.531
   4.306
    5.91
   0.862
  -1.472
  -4.048
  -1.079
 -0.8434
  0.4913
   1.972
   4.717
   1.703
  -3.029
  -3.749
  -3.823
 -0.6596
  -1.027
   3.729
    3.45
  0.6321
  -1.001
 -0.4262
 -0.7655
  -1.664
  0.1379
  -1.011
  0.2031
   1.851
  -1.143
  -3.854
  -2.292
  -2.506
  -2.187
  -1.348
  -1.129
   1.005
   1.033
  -1.736
 0.05902
  -1.283
   1.052
  0.5801
   3.243
   3.917
 0.005507
   1.712
    1.59
 0.08298
   2.491
 -0.2607
   1.844
   2.812
  0.2281
   1.581
 -0.2014
  -1.879
  -1.327
   1.518
   1.086
  0.1621
   1.664
  -1.327
   1.132
  -1.266
    1.28
  -2.269
  -1.199
  0.7241
 -0.6026
 -0.2063
  -1.012
  -2.269
  -3.215
  -2.327
  -1.372
  0.8528
 -0.7891
  -1.294
 -0.9874
   1.426
   1.361
  0.4939
 -0.7187
   2.392
  0.1438
 -0.2732
   0.418
   2.578
  0.4974
 -0.3758
  0.8269
   1.702
  -1.064
    1.96
 0.02586
-0.06381
 -0.5691
  -0.818
   2.011
  -1.242
   1.769
  0.6657
  -1.525
  0.7821
  -2.169
  0.9876
 0.08873
  -1.434
  0.2376
  -1.118
  0.5972
 -0.9433
  -1.484
  0.4195
  -1.924
  -2.275
  0.8249
  -0.881
  0.4204
  0.6562
-0.02656
   1.183
  0.9518
   1.501
   2.582
   1.721
  0.6134
  0.6398
  0.2567
   2.956
  0.1616
   2.238
   2.342
    1.53
  0.9452
 -0.5012
  0.7266
-0.03921
  -1.885
  0.7067
 -0.2329
 -0.4941
 -0.5143
   1.155
  0.3619
 -0.5755
  -1.007
  -2.235
  -1.354
   -1.35
  0.2425
  -2.587
  -1.975
  -1.527
  -3.197
  -2.187
  -2.352
  -2.371
  0.9575
   1.014
    1.74
  0.5716
   2.016
  0.8202
 -0.8071
  0.2528
 -0.7216
  0.9179
   1.791
 -0.6214
   1.236
  -1.081
 0.01237
  0.8792
   1.644
 -0.9993
 -0.7827
  -1.325
 -0.0898
  0.9835
  0.5104
   1.406
  -1.213
 -0.9245
 -0.4049
  -1.553
  0.5671
 -0.7714
  0.2579
  0.4548
  -2.395
  -1.448
  -2.424
  -2.713
 -0.1168
   -2.53
  -2.348
  0.3161
  -1.059
  0.3348
  -2.017
   1.652
   1.045
   1.625
    1.77
  -0.383
   2.854
   2.805
   2.937
   2.862
   1.559
 -0.5999
   1.046
 0.02987
   2.217
  0.9288
  0.7885
   1.806
    1.37
 -0.8505
-0.06549
 -0.3549
 -0.3458
    1.64
  -1.039
  -1.478
  0.7116
 -0.1191
   1.303
   0.301
  0.6147
 -0.3375
 -0.3646
  0.8141
  -1.348
  0.5032
  -1.107
 -0.5516
  0.5006
  -0.555
 -0.2569
   1.389
  -1.677
  0.1028
 -0.3203
   1.822
   1.137
  0.2239
  0.7668
  0.8373
 -0.1807
   1.714
  -0.404
  0.2176
   1.632
   1.821
    2.07
  0.7864
   1.127
  0.6243
  -1.482
  0.2221
 -0.2483
   1.514
  0.1518
  0.5754
 -0.5156
  -2.002
  -1.951
   -1.59
 -0.9041
 -0.9913
   0.432
  0.9599
 0.09176
 -0.4448
  -1.051
 -0.9966
   -2.84
 -0.2508
 -0.6701
  0.2052
   1.283
  0.7826
